0,558
34,13
34,12
34,5
42,6
42,5
0,557
0,556
72,36
72,35
10,3
11,19
11,9
11,8
11,15
11,10
9,5
8,12
8,13
8,9
8,10
8,2
8,3
0,318
12,2
12,1
69,3
12,3
69,2
69,1
69,0
68,5
68,4
68,3
68,2
68,1
68,0
67,4
67,3
67,2
67,1
67,0
66,3
66,2
66,1
66,0
65,5
65,4
65,3
65,2
65,1
65,0
64,5
64,4
64,3
64,2
64,1
64,0
63,7
63,6
63,5
63,4
63,3
63,2
63,1
63,0
62,6
62,5
62,4
62,3
20,2
62,2
20,1
62,1
62,0
20,3
35,11
35,10
35,9
35,8
35,1
34,11
34,10
34,9
34,8
34,7
19,2
19,1
34,6
19,3
34,1
33,320
33,296
33,295
33,294
33,293
33,292
33,291
33,290
33,289
33,288
33,287
33,286
33,285
33,284
33,283
33,282
33,281
33,280
33,279
33,278
33,277
33,276
33,275
33,274
33,273
33,272
33,271
33,270
33,269
33,268
33,267
33,266
33,265
33,264
33,263
33,262
33,261
33,260
33,259
33,258
33,257
33,256
33,192
33,128
33,127
33,126
33,125
33,124
33,96
33,95
33,94
33,93
33,76
33,74
33,72
33,71
33,70
33,69
33,68
18,1
33,67
33,66
18,3
33,65
14,1
33,64
